0 0.027650 0.626043 0.030989 0.060100
0 0.091507 0.25626000000000004 0.027233 0.051753
0 0.820691 0.033389 0.039441 0.063439
0 0.903328 0.8898159999999999 0.058222 0.066778
0 0.667154 0.6769620000000001 0.049770 0.141903
0 0.357262 0.707012 0.072308 0.218698
0 0.422527 0.90818 0.039441 0.050083
0 0.513147 0.886477 0.029111 0.060100
0 0.748852 0.27212000000000003 0.049770 0.113523
0 0.692039 0.13522500000000004 0.041319 0.096828
0 0.552588 0.643573 0.171849 0.398998
0 0.646964 0.295492 0.056344 0.210351
0 0.506573 0.19449099999999997 0.211290 0.385643